{"J": 25, "K": [15600.0, 15600.0, 15600.0, 15600.0, 8400.0, 15600.0, 15600.0, 15600.0, 8400.0, 15600.0, 15600.0, 15600.0, 8400.0, 15600.0, 15600.0, 15600.0, 8400.0, 15600.0, 8400.0, 8400.0, 15600.0, 15600.0, 15600.0, 15600.0, 8400.0], "I": 196, "e": [1265.3061224489795, 1265.3061224489795, 1265.3061224489795, 1265.3061224489795, 1265.3061224489795, 1265.3061224489795, 1265.3061224489795, 775.5102040816327, 775.5102040816327, 775.5102040816327, 775.5102040816327, 775.5102040816327, 775.5102040816327, 775.5102040816327, 1265.3061224489795, 1265.3061224489795, 1265.3061224489795, 1265.3061224489795, 1265.3061224489795, 1265.3061224489795, 1265.3061224489795, 775.5102040816327, 775.5102040816327, 775.5102040816327, 775.5102040816327, 775.5102040816327, 775.5102040816327, 775.5102040816327, 1265.3061224489795, 1265.3061224489795, 1265.3061224489795, 1265.3061224489795, 1265.3061224489795, 1265.3061224489795, 1265.3061224489795, 775.5102040816327, 775.5102040816327, 775.5102040816327, 775.5102040816327, 775.5102040816327, 775.5102040816327, 775.5102040816327, 1265.3061224489795, 1265.3061224489795, 1265.3061224489795, 1265.3061224489795, 1265.3061224489795, 1265.3061224489795, 1265.3061224489795, 775.5102040816327, 775.5102040816327, 775.5102040816327, 775.5102040816327, 775.5102040816327, 775.5102040816327, 775.5102040816327, 1265.3061224489795, 1265.3061224489795, 1265.3061224489795, 1265.3061224489795, 1265.3061224489795, 1265.3061224489795, 1265.3061224489795, 775.5102040816327, 775.5102040816327, 775.5102040816327, 775.5102040816327, 775.5102040816327, 775.5102040816327, 775.5102040816327, 1265.3061224489795, 1265.3061224489795, 1265.3061224489795, 1265.3061224489795, 1265.3061224489795, 1265.3061224489795, 1265.3061224489795, 775.5102040816327, 775.5102040816327, 775.5102040816327, 775.5102040816327, 775.5102040816327, 775.5102040816327, 775.5102040816327, 1265.3061224489795, 1265.3061224489795, 1265.3061224489795, 1265.3061224489795, 1265.3061224489795, 1265.3061224489795, 1265.3061224489795, 775.5102040816327, 775.5102040816327, 775.5102040816327, 775.5102040816327, 775.5102040816327, 775.5102040816327, 775.5102040816327, 775.5102040816327, 775.5102040816327, 775.5102040816327, 775.5102040816327, 775.5102040816327, 775.5102040816327, 775.5102040816327, 775.5102040816327, 775.5102040816327, 775.5102040816327, 775.5102040816327, 775.5102040816327, 775.5102040816327, 775.5102040816327, 775.5102040816327, 775.5102040816327, 775.5102040816327, 775.5102040816327, 775.5102040816327, 775.5102040816327, 775.5102040816327, 775.5102040816327, 775.5102040816327, 775.5102040816327, 775.5102040816327, 775.5102040816327, 775.5102040816327, 775.5102040816327, 775.5102040816327, 775.5102040816327, 775.5102040816327, 775.5102040816327, 775.5102040816327, 775.5102040816327, 775.5102040816327, 775.5102040816327, 775.5102040816327, 775.5102040816327, 775.5102040816327, 775.5102040816327, 775.5102040816327, 775.5102040816327, 775.5102040816327, 775.5102040816327, 775.5102040816327, 775.5102040816327, 775.5102040816327, 775.5102040816327, 775.5102040816327, 775.5102040816327, 775.5102040816327, 775.5102040816327, 775.5102040816327, 775.5102040816327, 775.5102040816327, 775.5102040816327, 775.5102040816327, 775.5102040816327, 775.5102040816327, 775.5102040816327, 775.5102040816327, 775.5102040816327, 775.5102040816327, 775.5102040816327, 775.5102040816327, 775.5102040816327, 775.5102040816327, 775.5102040816327, 775.5102040816327, 775.5102040816327, 775.5102040816327, 775.5102040816327, 775.5102040816327, 775.5102040816327, 775.5102040816327, 775.5102040816327, 775.5102040816327, 775.5102040816327, 775.5102040816327, 775.5102040816327, 775.5102040816327, 775.5102040816327, 775.5102040816327, 775.5102040816327, 775.5102040816327, 775.5102040816327, 775.5102040816327, 775.5102040816327, 775.5102040816327, 775.5102040816327, 775.5102040816327, 775.5102040816327, 775.5102040816327, 775.5102040816327, 775.5102040816327, 775.5102040816327, 775.5102040816327, 775.5102040816327], "d": [[2857.1428571428573, 4285.714285714286, 5714.285714285716, 8571.428571428572, 1428.5714285714284, 2020.3050891044213, 3194.3828249996996, 4517.539514526256, 5890.1508937395165, 7284.313590846836, 3194.3828249996996, 4040.610178208843, 6388.7656499994, 7693.092581620721, 4517.539514526256, 7142.857142857144, 8081.220356417688, 10301.575072754256, 8329.93127835043, 9147.320339189786, 10101.525445522107, 8571.428571428572, 9583.1484749991, 11157.499537009508, 12121.83053462653], [1428.571428571429, 2857.1428571428573, 4285.714285714286, 7142.857142857143, 2020.3050891044213, 1428.5714285714284, 2020.3050891044215, 3194.3828249996996, 4517.539514526256, 5890.150893739515, 2857.1428571428573, 3194.3828249997, 5150.787536377128, 6388.765649999398, 4285.714285714286, 6388.7656499994, 7142.857142857144, 9147.320339189786, 7693.092581620721, 8329.93127835043, 9147.320339189784, 8689.660757568885, 9035.079029052513, 10301.575072754256, 11157.499537009508], [0, 1428.5714285714284, 2857.142857142858, 5714.285714285715, 3194.3828249996996, 2020.3050891044215, 1428.5714285714284, 2020.3050891044213, 3194.3828249997, 4517.5395145262555, 3194.3828249997, 2857.1428571428573, 4040.6101782088435, 5150.787536377127, 4517.539514526256, 5890.1508937395165, 6388.765649999401, 8081.220356417687, 7284.313590846836, 7693.092581620721, 8329.931278350428, 9035.079029052513, 8689.660757568885, 9583.1484749991, 10301.575072754256], [1428.5714285714284, 0, 1428.5714285714294, 4285.714285714286, 4517.539514526256, 3194.3828249996996, 2020.3050891044213, 1428.5714285714284, 2020.3050891044218, 3194.382824999699, 4040.610178208843, 3194.3828249996996, 3194.3828249997, 4040.6101782088426, 5150.787536377128, 5714.285714285716, 5890.1508937395165, 7142.857142857144, 7142.857142857143, 7284.313590846836, 7693.09258162072, 9583.1484749991, 8571.428571428572, 9035.079029052513, 9583.1484749991], [2857.142857142858, 1428.5714285714294, 0, 2857.142857142857, 5890.1508937395165, 4517.539514526256, 3194.3828249997, 2020.3050891044218, 1428.5714285714284, 2020.3050891044206, 5150.787536377128, 4040.6101782088435, 2857.1428571428573, 3194.382824999699, 6060.915267313265, 5890.1508937395165, 5714.285714285716, 6388.7656499994, 7284.313590846836, 7142.857142857143, 7284.313590846836, 10301.575072754256, 8689.660757568887, 8689.660757568885, 9035.079029052513], [4285.714285714285, 2857.142857142857, 1428.5714285714275, 1428.5714285714294, 7284.313590846836, 5890.150893739515, 4517.5395145262555, 3194.382824999699, 2020.3050891044206, 1428.5714285714284, 6388.765649999398, 5150.787536377127, 3194.382824999699, 2857.1428571428573, 7142.857142857142, 6388.7656499994, 5890.1508937395165, 5890.1508937395165, 7693.09258162072, 7284.313590846836, 7142.857142857143, 11157.499537009508, 9035.079029052513, 8571.428571428572, 8689.660757568887], [5714.285714285715, 4285.714285714286, 2857.142857142857, 0, 8689.660757568885, 7284.313590846836, 5890.150893739516, 4517.539514526256, 3194.382824999699, 2020.3050891044218, 7693.092581620721, 6388.7656499994, 4040.6101782088426, 3194.3828249997, 8329.93127835043, 7142.857142857144, 6388.7656499994, 5714.285714285716, 8329.93127835043, 7693.09258162072, 7284.313590846836, 12121.83053462653, 9583.1484749991, 8689.660757568887, 8571.428571428572], [7142.857142857142, 5714.285714285714, 4285.714285714284, 1428.5714285714275, 10101.525445522107, 8689.660757568883, 7284.313590846835, 5890.150893739515, 4517.539514526255, 3194.382824999699, 9035.079029052511, 7693.092581620719, 5150.787536377126, 4040.6101782088426, 9583.148474999098, 8081.220356417686, 7142.857142857143, 5890.1508937395165, 9147.320339189784, 8329.931278350428, 7693.09258162072, 13170.777796132696, 10301.575072754256, 9035.079029052513, 8689.660757568885], [8571.428571428569, 7142.857142857141, 5714.285714285712, 2857.142857142855, 11517.511068997926, 10101.525445522106, 8689.660757568881, 7284.313590846834, 5890.150893739513, 4517.539514526255, 10400.156984686453, 9035.07902905251, 6388.765649999397, 5150.787536377126, 10879.675865519868, 9147.320339189784, 8081.220356417685, 6388.765649999399, 10101.525445522106, 9147.320339189782, 8329.931278350428, 14285.714285714284, 11157.499537009506, 9583.148474999098, 9035.079029052513], [10000.0, 8571.428571428572, 7142.857142857143, 4285.714285714286, 12936.264483053454, 11517.511068997928, 10101.525445522107, 8689.660757568885, 7284.313590846836, 5890.1508937395165, 11780.301787479031, 10400.156984686455, 7693.092581620721, 6388.7656499994, 12205.719636167902, 10301.575072754256, 9147.320339189786, 7142.857142857144, 11157.499537009508, 10101.525445522107, 9147.320339189786, 15452.362609131385, 12121.83053462653, 10301.575072754256, 9583.1484749991], [11428.571428571428, 10000.0, 8571.42857142857, 5714.285714285714, 14356.965173029843, 12936.264483053452, 11517.511068997926, 10101.525445522107, 8689.660757568883, 7284.313590846836, 13170.777796132696, 11780.30178747903, 9035.079029052511, 7693.092581620721, 13552.618543578768, 11517.511068997928, 10301.575072754255, 8081.220356417686, 12289.036095775182, 11157.499537009506, 10101.525445522107, 16659.86255670086, 13170.777796132696, 11157.499537009508, 10301.575072754256], [12857.142857142855, 11428.571428571428, 9999.999999999998, 7142.857142857141, 15779.087167410373, 14356.965173029841, 12936.26448305345, 11517.511068997926, 10101.525445522106, 8689.660757568883, 14568.62718169367, 13170.777796132694, 10400.156984686453, 9035.079029052511, 14914.723584157928, 12777.531299998798, 11517.511068997926, 9147.320339189784, 13477.115902938005, 12289.03609577518, 11157.499537009506, 17899.948694488095, 14285.714285714284, 12121.83053462653, 11157.499537009506], [14285.714285714286, 12857.142857142859, 11428.57142857143, 8571.428571428572, 17202.277969703282, 15779.087167410375, 14356.965173029843, 12936.264483053454, 11517.511068997928, 10101.52544552211, 15971.9141249985, 14568.627181693671, 11780.301787479031, 10400.156984686457, 16288.220358559116, 14069.796859708724, 12777.5312999988, 10301.575072754256, 14708.04305855286, 13477.115902938007, 12289.036095775184, 19166.2969499982, 15452.362609131385, 13170.7777961327, 12121.83053462653], [15714.285714285714, 14285.714285714286, 12857.142857142857, 10000.0, 18626.292586293283, 17202.277969703282, 15779.087167410373, 14356.965173029843, 12936.264483053452, 11517.511068997928, 17379.32151513777, 15971.914124998499, 13170.777796132696, 11780.301787479031, 17670.452681218547, 15386.185163241442, 14069.796859708722, 11517.511068997928, 15971.914124998499, 14708.043058552857, 13477.115902938007, 20454.03009039479, 16659.86255670086, 14285.714285714288, 13170.777796132696], [3194.3828249996996, 4517.539514526256, 5890.1508937395165, 8689.660757568885, 0, 1428.5714285714284, 2857.1428571428573, 4285.714285714286, 5714.285714285716, 7142.857142857143, 2020.3050891044215, 3194.3828249997, 5890.1508937395165, 7284.313590846836, 3194.3828249996996, 6060.915267313265, 7142.857142857144, 9583.1484749991, 7142.857142857142, 8081.220356417686, 9147.320339189784, 7142.857142857143, 8329.93127835043, 10101.525445522107, 11157.499537009508], [2020.3050891044215, 3194.3828249996996, 4517.539514526256, 7284.313590846836, 1428.5714285714284, 0, 1428.571428571429, 2857.1428571428573, 4285.714285714286, 5714.285714285714, 1428.571428571429, 2020.305089104422, 4517.539514526256, 5890.150893739515, 2857.1428571428573, 5150.787536377128, 6060.915267313265, 8329.93127835043, 6388.765649999398, 7142.857142857142, 8081.220356417685, 7284.313590846836, 7693.092581620721, 9147.320339189784, 10101.525445522107], [1428.5714285714284, 2020.3050891044213, 3194.3828249997, 5890.150893739516, 2857.1428571428573, 1428.571428571429, 0, 1428.5714285714284, 2857.142857142858, 4285.714285714285, 2020.305089104422, 1428.571428571429, 3194.3828249997005, 4517.5395145262555, 3194.3828249997, 4517.539514526256, 5150.787536377128, 7142.857142857144, 5890.150893739515, 6388.765649999399, 7142.857142857142, 7693.092581620721, 7284.313590846836, 8329.931278350428, 9147.320339189784], [2020.3050891044213, 1428.5714285714284, 2020.3050891044218, 4517.539514526256, 4285.714285714286, 2857.1428571428573, 1428.5714285714284, 0, 1428.5714285714294, 2857.142857142857, 3194.3828249997, 2020.3050891044215, 2020.3050891044222, 3194.3828249996996, 4040.610178208843, 4285.714285714286, 4517.539514526256, 6060.915267313265, 5714.285714285714, 5890.150893739515, 6388.765649999398, 8329.93127835043, 7142.857142857143, 7693.09258162072, 8329.93127835043], [3194.3828249997, 2020.3050891044218, 1428.5714285714284, 3194.382824999699, 5714.285714285716, 4285.714285714286, 2857.142857142858, 1428.5714285714294, 0, 1428.5714285714275, 4517.539514526256, 3194.3828249997005, 1428.571428571429, 2020.3050891044209, 5150.787536377128, 4517.539514526256, 4285.714285714286, 5150.787536377128, 5890.150893739515, 5714.285714285714, 5890.150893739515, 9147.320339189786, 7284.313590846836, 7284.313590846836, 7693.09258162072], [4517.5395145262555, 3194.382824999699, 2020.3050891044206, 2020.3050891044218, 7142.857142857143, 5714.285714285714, 4285.714285714285, 2857.142857142857, 1428.5714285714275, 0, 5890.150893739515, 4517.5395145262555, 2020.3050891044209, 1428.571428571429, 6388.765649999398, 5150.787536377128, 4517.539514526256, 4517.539514526256, 6388.765649999398, 5890.150893739515, 5714.285714285714, 10101.525445522107, 7693.09258162072, 7142.857142857143, 7284.313590846836], [5890.150893739516, 4517.539514526256, 3194.382824999699, 1428.5714285714284, 8571.428571428572, 7142.857142857143, 5714.285714285715, 4285.714285714286, 2857.142857142857, 1428.5714285714294, 7284.313590846836, 5890.150893739516, 3194.3828249996996, 2020.3050891044222, 7693.092581620721, 6060.915267313265, 5150.787536377128, 4285.714285714286, 7142.857142857142, 6388.765649999398, 5890.150893739515, 11157.499537009508, 8329.93127835043, 7284.313590846836, 7142.857142857143], [7284.313590846835, 5890.150893739515, 4517.539514526255, 2020.3050891044206, 10000.0, 8571.42857142857, 7142.857142857142, 5714.285714285714, 4285.714285714284, 2857.142857142857, 8689.660757568885, 7284.313590846835, 4517.539514526255, 3194.3828249996996, 9035.079029052511, 7142.857142857142, 6060.915267313264, 4517.539514526256, 8081.220356417685, 7142.857142857141, 6388.765649999398, 12289.036095775182, 9147.320339189784, 7693.09258162072, 7284.313590846836], [8689.660757568881, 7284.313590846834, 5890.150893739513, 3194.3828249996977, 11428.571428571428, 9999.999999999998, 8571.428571428569, 7142.857142857141, 5714.285714285712, 4285.714285714284, 10101.525445522106, 8689.660757568883, 5890.150893739513, 4517.539514526255, 10400.156984686453, 8329.931278350428, 7142.857142857141, 5150.787536377126, 9147.320339189782, 8081.220356417683, 7142.857142857141, 13477.115902938005, 10101.525445522106, 8329.931278350428, 7693.092581620719], [10101.525445522107, 8689.660757568885, 7284.313590846836, 4517.539514526256, 12857.142857142859, 11428.57142857143, 10000.0, 8571.428571428572, 7142.857142857143, 5714.285714285716, 11517.51106899793, 10101.525445522107, 7284.313590846836, 5890.1508937395165, 11780.301787479031, 9583.1484749991, 8329.93127835043, 6060.915267313265, 10301.575072754256, 9147.320339189784, 8081.220356417686, 14708.04305855286, 11157.499537009508, 9147.320339189786, 8329.93127835043], [11517.511068997926, 10101.525445522107, 8689.660757568883, 5890.150893739515, 14285.714285714286, 12857.142857142857, 11428.571428571428, 10000.0, 8571.42857142857, 7142.857142857143, 12936.264483053452, 11517.511068997926, 8689.660757568885, 7284.313590846836, 13170.777796132696, 10879.675865519868, 9583.148474999098, 7142.857142857142, 11517.511068997928, 10301.575072754255, 9147.320339189784, 15971.914124998499, 12289.036095775182, 10101.525445522107, 9147.320339189784], [12936.26448305345, 11517.511068997926, 10101.525445522106, 7284.313590846834, 15714.285714285714, 14285.714285714284, 12857.142857142855, 11428.571428571428, 9999.999999999998, 8571.42857142857, 14356.965173029841, 12936.26448305345, 10101.525445522106, 8689.660757568885, 14568.62718169367, 12205.719636167902, 10879.675865519868, 8329.931278350428, 12777.531299998796, 11517.511068997926, 10301.575072754255, 17261.494247992247, 13477.115902938005, 11157.499537009506, 10101.525445522106], [14356.965173029843, 12936.264483053454, 11517.511068997928, 8689.660757568885, 17142.857142857145, 15714.285714285716, 14285.714285714286, 12857.142857142859, 11428.57142857143, 10000.000000000002, 15779.087167410375, 14356.965173029843, 11517.51106899793, 10101.52544552211, 15971.9141249985, 13552.61854357877, 12205.719636167902, 9583.1484749991, 14069.796859708722, 12777.531299998798, 11517.51106899793, 18571.428571428572, 14708.04305855286, 12289.036095775184, 11157.499537009508], [15779.087167410373, 14356.965173029843, 12936.264483053452, 10101.525445522107, 18571.428571428572, 17142.857142857145, 15714.285714285714, 14285.714285714286, 12857.142857142857, 11428.57142857143, 17202.277969703282, 15779.087167410373, 12936.264483053452, 11517.51106899793, 17379.32151513777, 14914.72358415793, 13552.618543578768, 10879.675865519868, 15386.18516324144, 14069.79685970872, 12777.531299998798, 19897.697538834458, 15971.914124998499, 13477.115902938007, 12289.036095775182], [4040.610178208843, 5150.787536377128, 6388.7656499994, 9035.079029052513, 1428.571428571429, 2020.3050891044215, 3194.3828249997, 4517.539514526256, 5890.1508937395165, 7284.313590846836, 1428.5714285714284, 2857.1428571428573, 5714.285714285716, 7142.857142857143, 2020.3050891044213, 5150.787536377128, 6388.765649999401, 9035.079029052513, 6060.915267313264, 7142.857142857144, 8329.931278350428, 5714.285714285715, 7142.857142857144, 9147.320339189784, 10301.575072754256], [3194.3828249997, 4040.610178208843, 5150.787536377128, 7693.092581620721, 2020.3050891044215, 1428.571428571429, 2020.305089104422, 3194.3828249997, 4517.539514526256, 5890.150893739515, 0, 1428.571428571429, 4285.714285714286, 5714.285714285714, 1428.5714285714284, 4040.6101782088435, 5150.787536377128, 7693.092581620721, 5150.787536377127, 6060.915267313264, 7142.857142857142, 5890.150893739516, 6388.7656499994, 8081.220356417685, 9147.320339189784], [2857.1428571428573, 3194.3828249996996, 4040.6101782088435, 6388.7656499994, 3194.3828249997, 2020.305089104422, 1428.571428571429, 2020.3050891044215, 3194.3828249997005, 4517.5395145262555, 1428.571428571429, 0, 2857.142857142858, 4285.714285714285, 2020.3050891044215, 3194.3828249997, 4040.610178208844, 6388.7656499994, 4517.5395145262555, 5150.787536377127, 6060.915267313264, 6388.7656499994, 5890.150893739516, 7142.857142857142, 8081.220356417686], [3194.3828249996996, 2857.1428571428573, 3194.3828249997, 5150.787536377128, 4517.539514526256, 3194.3828249997, 2020.3050891044215, 1428.571428571429, 2020.3050891044222, 3194.3828249996996, 2857.1428571428573, 1428.5714285714284, 1428.5714285714294, 2857.142857142857, 3194.3828249996996, 2857.142857142858, 3194.3828249997005, 5150.787536377128, 4285.714285714285, 4517.5395145262555, 5150.787536377127, 7142.857142857144, 5714.285714285715, 6388.765649999399, 7142.857142857144], [4040.6101782088435, 3194.3828249997, 2857.1428571428573, 4040.6101782088426, 5890.1508937395165, 4517.539514526256, 3194.3828249997005, 2020.3050891044222, 1428.571428571429, 2020.3050891044209, 4285.714285714286, 2857.142857142858, 0, 1428.5714285714275, 4517.539514526256, 3194.3828249997005, 2857.142857142858, 4040.610178208843, 4517.5395145262555, 4285.714285714285, 4517.5395145262555, 8081.220356417687, 5890.150893739516, 5890.150893739516, 6388.765649999399], [5150.787536377127, 4040.6101782088426, 3194.382824999699, 3194.3828249997, 7284.313590846836, 5890.150893739515, 4517.5395145262555, 3194.3828249996996, 2020.3050891044209, 1428.571428571429, 5714.285714285714, 4285.714285714285, 1428.5714285714275, 0, 5890.150893739515, 4040.610178208843, 3194.3828249996996, 3194.3828249997005, 5150.787536377127, 4517.5395145262555, 4285.714285714285, 9147.320339189784, 6388.765649999399, 5714.285714285715, 5890.150893739516], [6388.7656499994, 5150.787536377128, 4040.6101782088426, 2857.1428571428573, 8689.660757568887, 7284.313590846836, 5890.150893739516, 4517.539514526256, 3194.3828249996996, 2020.3050891044222, 7142.857142857143, 5714.285714285715, 2857.142857142857, 1428.5714285714294, 7284.313590846836, 5150.787536377128, 4040.610178208843, 2857.142857142858, 6060.915267313264, 5150.787536377127, 4517.5395145262555, 10301.575072754256, 7142.857142857144, 5890.150893739516, 5714.285714285715], [7693.092581620719, 6388.765649999398, 5150.787536377126, 3194.382824999699, 10101.525445522107, 8689.660757568885, 7284.313590846835, 5890.150893739515, 4517.539514526255, 3194.3828249996996, 8571.42857142857, 7142.857142857142, 4285.714285714284, 2857.142857142857, 8689.660757568883, 6388.765649999399, 5150.787536377126, 3194.3828249996996, 7142.857142857142, 6060.915267313263, 5150.787536377127, 11517.511068997928, 8081.220356417685, 6388.765649999399, 5890.150893739516], [9035.07902905251, 7693.092581620718, 6388.765649999397, 4040.6101782088417, 11517.511068997926, 10101.525445522106, 8689.660757568883, 7284.313590846834, 5890.150893739513, 4517.539514526255, 9999.999999999998, 8571.428571428569, 5714.285714285712, 4285.714285714284, 10101.525445522106, 7693.092581620718, 6388.765649999397, 4040.6101782088417, 8329.931278350427, 7142.85714285714, 6060.915267313263, 12777.531299998796, 9147.320339189782, 7142.857142857142, 6388.765649999398], [10400.156984686455, 9035.079029052513, 7693.092581620721, 5150.787536377128, 12936.264483053454, 11517.51106899793, 10101.525445522107, 8689.660757568887, 7284.313590846836, 5890.1508937395165, 11428.57142857143, 10000.0, 7142.857142857143, 5714.285714285716, 11517.511068997928, 9035.079029052513, 7693.092581620721, 5150.787536377128, 9583.1484749991, 8329.931278350428, 7142.857142857144, 14069.796859708724, 10301.575072754256, 8081.220356417687, 7142.857142857144], [11780.30178747903, 10400.156984686455, 9035.079029052511, 6388.765649999398, 14356.965173029843, 12936.264483053452, 11517.511068997926, 10101.525445522107, 8689.660757568885, 7284.313590846836, 12857.142857142857, 11428.571428571428, 8571.42857142857, 7142.857142857143, 12936.264483053452, 10400.156984686455, 9035.079029052511, 6388.765649999399, 10879.675865519868, 9583.148474999098, 8329.931278350428, 15386.185163241442, 11517.511068997928, 9147.320339189784, 8081.220356417685], [13170.777796132694, 11780.30178747903, 10400.156984686453, 7693.092581620718, 15779.087167410373, 14356.965173029841, 12936.26448305345, 11517.511068997926, 10101.525445522106, 8689.660757568885, 14285.714285714284, 12857.142857142855, 9999.999999999998, 8571.42857142857, 14356.965173029841, 11780.30178747903, 10400.156984686453, 7693.092581620718, 12205.7196361679, 10879.675865519868, 9583.148474999098, 16720.999872456607, 12777.531299998796, 10301.575072754255, 9147.320339189782], [14568.627181693671, 13170.7777961327, 11780.301787479031, 9035.079029052513, 17202.277969703282, 15779.087167410375, 14356.965173029843, 12936.264483053454, 11517.51106899793, 10101.52544552211, 15714.285714285716, 14285.714285714286, 11428.57142857143, 10000.000000000002, 15779.087167410375, 13170.7777961327, 11780.301787479031, 9035.079029052513, 13552.61854357877, 12205.719636167902, 10879.67586551987, 18070.158058105026, 14069.796859708724, 11517.51106899793, 10301.575072754256], [15971.914124998499, 14568.627181693671, 13170.777796132696, 10400.156984686455, 18626.292586293283, 17202.277969703282, 15779.087167410373, 14356.965173029843, 12936.264483053452, 11517.51106899793, 17142.857142857145, 15714.285714285714, 12857.142857142857, 11428.57142857143, 17202.277969703282, 14568.627181693671, 13170.777796132696, 10400.156984686455, 14914.72358415793, 13552.618543578768, 12205.719636167902, 19430.67215533635, 15386.185163241442, 12777.5312999988, 11517.511068997928], [5150.787536377128, 6060.915267313265, 7142.857142857144, 9583.1484749991, 2857.1428571428573, 3194.3828249996996, 4040.610178208843, 5150.787536377128, 6388.7656499994, 7693.092581620721, 2020.3050891044213, 3194.3828249996996, 5890.1508937395165, 7284.313590846836, 1428.5714285714284, 4517.539514526256, 5890.1508937395165, 8689.660757568887, 5150.787536377128, 6388.7656499994, 7693.09258162072, 4285.714285714286, 6060.915267313265, 8329.93127835043, 9583.1484749991], [4517.539514526256, 5150.787536377128, 6060.915267313265, 8329.93127835043, 3194.3828249996996, 2857.1428571428573, 3194.3828249997, 4040.610178208843, 5150.787536377128, 6388.765649999398, 1428.5714285714284, 2020.3050891044215, 4517.539514526256, 5890.150893739515, 0, 3194.3828249997, 4517.539514526256, 7284.313590846836, 4040.6101782088426, 5150.787536377128, 6388.765649999398, 4517.539514526256, 5150.787536377128, 7142.857142857142, 8329.93127835043], [4285.714285714286, 4517.539514526256, 5150.787536377128, 7142.857142857144, 4040.610178208843, 3194.3828249997, 2857.1428571428573, 3194.3828249996996, 4040.6101782088435, 5150.787536377127, 2020.3050891044215, 1428.5714285714284, 3194.3828249997, 4517.5395145262555, 1428.571428571429, 2020.3050891044218, 3194.3828249997005, 5890.150893739516, 3194.382824999699, 4040.610178208843, 5150.787536377127, 5150.787536377128, 4517.539514526256, 6060.915267313264, 7142.857142857144], [4517.539514526256, 4285.714285714286, 4517.539514526256, 6060.915267313265, 5150.787536377128, 4040.610178208843, 3194.3828249996996, 2857.1428571428573, 3194.3828249997, 4040.6101782088426, 3194.3828249996996, 2020.3050891044213, 2020.3050891044218, 3194.382824999699, 2857.1428571428573, 1428.5714285714294, 2020.3050891044227, 4517.539514526256, 2857.142857142857, 3194.3828249996996, 4040.6101782088426, 6060.915267313265, 4285.714285714286, 5150.787536377128, 6060.915267313265], [5150.787536377128, 4517.539514526256, 4285.714285714286, 5150.787536377128, 6388.7656499994, 5150.787536377128, 4040.6101782088435, 3194.3828249997, 2857.1428571428573, 3194.382824999699, 4517.539514526256, 3194.3828249997, 1428.5714285714284, 2020.3050891044206, 4285.714285714286, 2020.3050891044227, 1428.5714285714294, 3194.3828249996996, 3194.3828249996996, 2857.142857142857, 3194.382824999699, 7142.857142857144, 4517.539514526256, 4517.539514526256, 5150.787536377128], [6060.915267313264, 5150.787536377128, 4517.539514526256, 4517.539514526256, 7693.092581620721, 6388.765649999398, 5150.787536377127, 4040.6101782088426, 3194.382824999699, 2857.1428571428573, 5890.150893739515, 4517.5395145262555, 2020.3050891044206, 1428.5714285714284, 5714.285714285714, 3194.3828249996996, 2020.3050891044213, 2020.3050891044227, 4040.6101782088426, 3194.382824999699, 2857.142857142857, 8329.93127835043, 5150.787536377128, 4285.714285714286, 4517.539514526256], [7142.857142857144, 6060.915267313265, 5150.787536377128, 4285.714285714286, 9035.079029052513, 7693.092581620721, 6388.7656499994, 5150.787536377128, 4040.6101782088426, 3194.3828249997, 7284.313590846836, 5890.150893739516, 3194.382824999699, 2020.3050891044218, 7142.857142857143, 4517.539514526256, 3194.3828249996996, 1428.5714285714294, 5150.787536377128, 4040.6101782088426, 3194.3828249996996, 9583.1484749991, 6060.915267313265, 4517.539514526256, 4285.714285714286], [8329.931278350428, 7142.857142857142, 6060.915267313264, 4517.539514526256, 10400.156984686455, 9035.079029052511, 7693.092581620719, 6388.765649999398, 5150.787536377126, 4040.6101782088426, 8689.660757568883, 7284.313590846835, 4517.539514526255, 3194.382824999699, 8571.42857142857, 5890.150893739515, 4517.539514526255, 2020.3050891044213, 6388.765649999398, 5150.787536377126, 4040.6101782088426, 10879.675865519868, 7142.857142857142, 5150.787536377128, 4517.539514526256], [9583.148474999096, 8329.931278350428, 7142.857142857141, 5150.787536377126, 11780.30178747903, 10400.156984686453, 9035.07902905251, 7693.092581620718, 6388.765649999397, 5150.787536377126, 10101.525445522106, 8689.660757568881, 5890.150893739513, 4517.539514526255, 9999.999999999998, 7284.313590846834, 5890.150893739513, 3194.382824999698, 7693.092581620718, 6388.765649999396, 5150.787536377126, 12205.719636167902, 8329.931278350428, 6060.915267313264, 5150.787536377126], [10879.675865519868, 9583.1484749991, 8329.93127835043, 6060.915267313265, 13170.7777961327, 11780.301787479031, 10400.156984686455, 9035.079029052513, 7693.092581620721, 6388.7656499994, 11517.511068997928, 10101.525445522107, 7284.313590846836, 5890.1508937395165, 11428.57142857143, 8689.660757568887, 7284.313590846836, 4517.539514526256, 9035.079029052513, 7693.09258162072, 6388.7656499994, 13552.61854357877, 9583.1484749991, 7142.857142857144, 6060.915267313265], [12205.719636167902, 10879.675865519868, 9583.148474999098, 7142.857142857142, 14568.627181693671, 13170.777796132696, 11780.30178747903, 10400.156984686455, 9035.079029052511, 7693.092581620721, 12936.264483053452, 11517.511068997926, 8689.660757568883, 7284.313590846836, 12857.142857142857, 10101.525445522107, 8689.660757568885, 5890.150893739515, 10400.156984686455, 9035.079029052511, 7693.09258162072, 14914.72358415793, 10879.675865519868, 8329.93127835043, 7142.857142857142], [13552.618543578767, 12205.719636167902, 10879.675865519868, 8329.931278350428, 15971.914124998499, 14568.62718169367, 13170.777796132694, 11780.30178747903, 10400.156984686453, 9035.079029052511, 14356.965173029841, 12936.26448305345, 10101.525445522106, 8689.660757568883, 14285.714285714284, 11517.511068997926, 10101.525445522106, 7284.313590846834, 11780.30178747903, 10400.156984686453, 9035.079029052511, 16288.220358559114, 12205.719636167902, 9583.148474999098, 8329.931278350428], [14914.72358415793, 13552.61854357877, 12205.719636167902, 9583.1484749991, 17379.32151513777, 15971.9141249985, 14568.627181693671, 13170.7777961327, 11780.301787479031, 10400.156984686457, 15779.087167410375, 14356.965173029843, 11517.511068997928, 10101.52544552211, 15714.285714285716, 12936.264483053454, 11517.51106899793, 8689.660757568887, 13170.7777961327, 11780.301787479031, 10400.156984686457, 17670.452681218547, 13552.61854357877, 10879.67586551987, 9583.1484749991], [16288.220358559114, 14914.72358415793, 13552.618543578768, 10879.675865519868, 18789.923482808437, 17379.32151513777, 15971.914124998499, 14568.627181693671, 13170.777796132696, 11780.301787479031, 17202.277969703282, 15779.087167410373, 12936.264483053452, 11517.511068997928, 17142.857142857145, 14356.965173029843, 12936.264483053452, 10101.525445522107, 14568.627181693671, 13170.777796132696, 11780.301787479031, 19059.52009160905, 14914.72358415793, 12205.719636167902, 10879.675865519868], [6388.7656499994, 7142.857142857144, 8081.220356417688, 10301.575072754256, 4285.714285714286, 4517.539514526256, 5150.787536377128, 6060.915267313265, 7142.857142857144, 8329.93127835043, 3194.3828249997, 4040.6101782088435, 6388.765649999401, 7693.092581620721, 2020.3050891044218, 4285.714285714286, 5714.285714285716, 8571.428571428572, 4517.539514526256, 5890.1508937395165, 7284.313590846836, 2857.142857142857, 5150.787536377128, 7693.09258162072, 9035.079029052513], [5890.1508937395165, 6388.7656499994, 7142.857142857144, 9147.320339189786, 4517.539514526256, 4285.714285714286, 4517.539514526256, 5150.787536377128, 6060.915267313265, 7142.857142857142, 2857.142857142858, 3194.3828249997005, 5150.787536377128, 6388.765649999399, 1428.5714285714294, 2857.1428571428573, 4285.714285714286, 7142.857142857143, 3194.382824999699, 4517.539514526256, 5890.150893739515, 3194.382824999699, 4040.6101782088426, 6388.765649999398, 7693.09258162072], [5714.285714285716, 5890.1508937395165, 6388.765649999401, 8081.220356417687, 5150.787536377128, 4517.539514526256, 4285.714285714286, 4517.539514526256, 5150.787536377128, 6060.915267313264, 3194.3828249997005, 2857.142857142858, 4040.610178208844, 5150.787536377127, 2020.3050891044222, 1428.5714285714284, 2857.142857142858, 5714.285714285715, 2020.3050891044206, 3194.3828249996996, 4517.5395145262555, 4040.6101782088426, 3194.382824999699, 5150.787536377127, 6388.765649999399], [5890.1508937395165, 5714.285714285716, 5890.1508937395165, 7142.857142857144, 6060.915267313265, 5150.787536377128, 4517.539514526256, 4285.714285714286, 4517.539514526256, 5150.787536377128, 4040.6101782088435, 3194.3828249997, 3194.3828249997005, 4040.610178208843, 3194.3828249997, 0, 1428.5714285714294, 4285.714285714286, 1428.5714285714275, 2020.3050891044213, 3194.382824999699, 5150.787536377128, 2857.142857142857, 4040.6101782088426, 5150.787536377128], [6388.765649999401, 5890.1508937395165, 5714.285714285716, 6388.7656499994, 7142.857142857144, 6060.915267313265, 5150.787536377128, 4517.539514526256, 4285.714285714286, 4517.539514526256, 5150.787536377128, 4040.610178208844, 2857.142857142858, 3194.3828249996996, 4517.539514526256, 1428.5714285714294, 0, 2857.142857142857, 2020.3050891044213, 1428.5714285714275, 2020.30508910442, 6388.7656499994, 3194.3828249996996, 3194.382824999699, 4040.6101782088426], [7142.857142857144, 6388.7656499994, 5890.1508937395165, 5890.1508937395165, 8329.93127835043, 7142.857142857142, 6060.915267313264, 5150.787536377128, 4517.539514526256, 4285.714285714286, 6388.765649999399, 5150.787536377127, 3194.3828249996996, 2857.142857142858, 5890.150893739515, 2857.142857142857, 1428.5714285714275, 1428.5714285714294, 3194.382824999699, 2020.30508910442, 1428.5714285714275, 7693.09258162072, 4040.6101782088426, 2857.142857142857, 3194.3828249996996], [8081.220356417687, 7142.857142857144, 6388.7656499994, 5714.285714285716, 9583.1484749991, 8329.93127835043, 7142.857142857144, 6060.915267313265, 5150.787536377128, 4517.539514526256, 7693.092581620721, 6388.7656499994, 4040.610178208843, 3194.3828249997005, 7284.313590846836, 4285.714285714286, 2857.142857142857, 0, 4517.539514526256, 3194.382824999699, 2020.3050891044213, 9035.079029052513, 5150.787536377128, 3194.3828249996996, 2857.142857142857], [9147.320339189784, 8081.220356417686, 7142.857142857143, 5890.1508937395165, 10879.675865519868, 9583.148474999098, 8329.931278350428, 7142.857142857142, 6060.915267313264, 5150.787536377128, 9035.079029052511, 7693.092581620719, 5150.787536377126, 4040.610178208843, 8689.660757568885, 5714.285714285714, 4285.714285714284, 1428.5714285714275, 5890.150893739515, 4517.539514526255, 3194.382824999699, 10400.156984686455, 6388.765649999398, 4040.6101782088426, 3194.382824999699], [10301.575072754253, 9147.320339189784, 8081.220356417685, 6388.765649999399, 12205.719636167902, 10879.675865519868, 9583.148474999096, 8329.931278350428, 7142.857142857141, 6060.915267313264, 10400.156984686453, 9035.07902905251, 6388.765649999397, 5150.787536377126, 10101.525445522106, 7142.857142857141, 5714.285714285712, 2857.142857142855, 7284.313590846834, 5890.150893739513, 4517.539514526255, 11780.30178747903, 7693.092581620718, 5150.787536377126, 4040.6101782088413], [11517.511068997928, 10301.575072754256, 9147.320339189786, 7142.857142857144, 13552.61854357877, 12205.719636167902, 10879.675865519868, 9583.1484749991, 8329.93127835043, 7142.857142857144, 11780.301787479031, 10400.156984686455, 7693.092581620721, 6388.765649999401, 11517.51106899793, 8571.428571428572, 7142.857142857143, 4285.714285714286, 8689.660757568885, 7284.313590846836, 5890.1508937395165, 13170.7777961327, 9035.079029052513, 6388.7656499994, 5150.787536377128], [12777.531299998798, 11517.511068997928, 10301.575072754255, 8081.220356417686, 14914.72358415793, 13552.618543578768, 12205.719636167902, 10879.675865519868, 9583.148474999098, 8329.93127835043, 13170.777796132696, 11780.30178747903, 9035.079029052511, 7693.092581620721, 12936.264483053452, 10000.0, 8571.42857142857, 5714.285714285714, 10101.525445522107, 8689.660757568883, 7284.313590846836, 14568.627181693671, 10400.156984686455, 7693.09258162072, 6388.765649999398], [14069.796859708718, 12777.531299998798, 11517.511068997926, 9147.320339189784, 16288.220358559114, 14914.723584157928, 13552.618543578767, 12205.719636167902, 10879.675865519868, 9583.148474999098, 14568.62718169367, 13170.777796132694, 10400.156984686453, 9035.079029052511, 14356.965173029841, 11428.571428571428, 9999.999999999998, 7142.857142857141, 11517.511068997926, 10101.525445522106, 8689.660757568883, 15971.914124998499, 11780.30178747903, 9035.079029052511, 7693.092581620718], [15386.185163241442, 14069.796859708724, 12777.5312999988, 10301.575072754256, 17670.452681218547, 16288.220358559116, 14914.72358415793, 13552.61854357877, 12205.719636167902, 10879.67586551987, 15971.9141249985, 14568.627181693671, 11780.301787479031, 10400.156984686457, 15779.087167410375, 12857.142857142859, 11428.57142857143, 8571.428571428572, 12936.264483053454, 11517.511068997928, 10101.52544552211, 17379.32151513777, 13170.7777961327, 10400.156984686457, 9035.079029052513], [16720.999872456607, 15386.185163241442, 14069.796859708722, 11517.511068997928, 19059.52009160905, 17670.452681218547, 16288.220358559114, 14914.72358415793, 13552.618543578768, 12205.719636167902, 17379.321515137774, 15971.914124998499, 13170.777796132696, 11780.301787479031, 17202.277969703282, 14285.714285714286, 12857.142857142857, 10000.0, 14356.965173029843, 12936.264483053452, 11517.511068997928, 18789.923482808437, 14568.627181693671, 11780.301787479031, 10400.156984686455], [7693.092581620721, 8329.93127835043, 9147.320339189786, 11157.499537009508, 5714.285714285714, 5890.150893739515, 6388.765649999398, 7142.857142857142, 8081.220356417686, 9147.320339189784, 4517.5395145262555, 5150.787536377127, 7142.857142857144, 8329.931278350428, 3194.382824999699, 4517.539514526256, 5890.1508937395165, 8689.660757568885, 4285.714285714286, 5714.285714285716, 7142.857142857143, 1428.5714285714294, 4517.539514526256, 7284.313590846836, 8689.660757568887], [7284.313590846836, 7693.092581620721, 8329.93127835043, 10101.525445522107, 5890.150893739515, 5714.285714285714, 5890.150893739515, 6388.765649999398, 7142.857142857142, 8081.220356417685, 4285.714285714285, 4517.5395145262555, 6060.915267313264, 7142.857142857142, 2857.142857142857, 3194.382824999699, 4517.539514526256, 7284.313590846836, 2857.1428571428573, 4285.714285714286, 5714.285714285714, 2020.3050891044218, 3194.3828249997, 5890.150893739515, 7284.313590846836], [7142.857142857143, 7284.313590846836, 7693.092581620721, 9147.320339189784, 6388.765649999398, 5890.150893739515, 5714.285714285714, 5890.150893739515, 6388.765649999399, 7142.857142857142, 4517.5395145262555, 4285.714285714285, 5150.787536377127, 6060.915267313264, 3194.3828249996996, 2020.3050891044206, 3194.3828249996996, 5890.150893739516, 1428.5714285714284, 2857.142857142858, 4285.714285714285, 3194.3828249997, 2020.3050891044218, 4517.5395145262555, 5890.150893739516], [7284.313590846836, 7142.857142857143, 7284.313590846836, 8329.93127835043, 7142.857142857142, 6388.765649999398, 5890.150893739515, 5714.285714285714, 5890.150893739515, 6388.765649999398, 5150.787536377127, 4517.5395145262555, 4517.5395145262555, 5150.787536377127, 4040.6101782088426, 1428.5714285714275, 2020.3050891044213, 4517.539514526256, 0, 1428.5714285714294, 2857.142857142857, 4517.539514526256, 1428.5714285714294, 3194.3828249996996, 4517.539514526256], [7693.092581620721, 7284.313590846836, 7142.857142857143, 7693.09258162072, 8081.220356417686, 7142.857142857142, 6388.765649999399, 5890.150893739515, 5714.285714285714, 5890.150893739515, 6060.915267313264, 5150.787536377127, 4285.714285714285, 4517.5395145262555, 5150.787536377128, 2020.3050891044213, 1428.5714285714275, 3194.382824999699, 1428.5714285714294, 0, 1428.5714285714275, 5890.1508937395165, 2020.3050891044227, 2020.3050891044213, 3194.3828249996996], [8329.931278350428, 7693.09258162072, 7284.313590846836, 7284.313590846836, 9147.320339189784, 8081.220356417685, 7142.857142857142, 6388.765649