{"J": 7, "K": [14857.142857142859, 14857.142857142859, 14857.142857142859, 14857.142857142859, 14857.142857142859, 14857.142857142859, 14857.142857142859], "I": 81, "e": [765.4320987654321, 765.4320987654321, 765.4320987654321, 765.4320987654321, 765.4320987654321, 469.1358024691358, 469.1358024691358, 469.1358024691358, 469.1358024691358, 765.4320987654321, 765.4320987654321, 765.4320987654321, 765.4320987654321, 765.4320987654321, 469.1358024691358, 469.1358024691358, 469.1358024691358, 469.1358024691358, 765.4320987654321, 765.4320987654321, 765.4320987654321, 765.4320987654321, 765.4320987654321, 469.1358024691358, 469.1358024691358, 469.1358024691358, 469.1358024691358, 765.4320987654321, 765.4320987654321, 765.4320987654321, 765.4320987654321, 765.4320987654321, 469.1358024691358, 469.1358024691358, 469.1358024691358, 469.1358024691358, 765.4320987654321, 765.4320987654321, 765.4320987654321, 765.4320987654321, 765.4320987654321, 469.1358024691358, 469.1358024691358, 469.1358024691358, 469.1358024691358, 469.1358024691358, 469.1358024691358, 469.1358024691358, 469.1358024691358, 469.1358024691358, 469.1358024691358, 469.1358024691358, 469.1358024691358, 469.1358024691358, 469.1358024691358, 469.1358024691358, 469.1358024691358, 469.1358024691358, 469.1358024691358, 469.1358024691358, 469.1358024691358, 469.1358024691358, 469.1358024691358, 469.1358024691358, 469.1358024691358, 469.1358024691358, 469.1358024691358, 469.1358024691358, 469.1358024691358, 469.1358024691358, 469.1358024691358, 469.1358024691358, 469.1358024691358, 469.1358024691358, 469.1358024691358, 469.1358024691358, 469.1358024691358, 469.1358024691358, 469.1358024691358, 469.1358024691358, 469.1358024691358], "d": [[777.7777777777776, 1555.5555555555557, 2333.3333333333335, 3111.1111111111113, 2459.5492912420727, 3206.859931035958, 1555.5555555555557], [0, 777.777777777778, 1555.5555555555557, 2333.3333333333335, 1739.1639824998365, 2459.5492912420727, 1739.1639824998365], [777.777777777778, 0, 777.7777777777776, 1555.5555555555554, 1099.9438818457404, 1739.1639824998363, 2199.8877636914813], [1555.5555555555557, 777.7777777777776, 0, 777.7777777777778, 777.7777777777776, 1099.9438818457406, 2804.317658694214], [2333.3333333333335, 1555.5555555555554, 777.7777777777778, 0, 1099.9438818457406, 777.7777777777776, 3478.327964999673], [3111.1111111111118, 2333.333333333334, 1555.555555555556, 777.7777777777783, 1739.1639824998367, 1099.9438818457406, 4188.461516660171], [3888.888888888889, 3111.1111111111113, 2333.3333333333335, 1555.5555555555557, 2459.5492912420727, 1739.1639824998365, 4919.0985824841455], [4666.666666666668, 3888.8888888888896, 3111.1111111111118, 2333.333333333334, 3206.859931035959, 2459.549291242073, 5662.307691662626], [5444.444444444445, 4666.666666666667, 3888.888888888889, 3111.1111111111113, 3965.9040661277218, 3206.859931035958, 6413.719862071916], [1099.9438818457404, 1739.1639824998365, 2459.5492912420727, 3206.859931035958, 2333.3333333333335, 3111.1111111111113, 777.777777777778], [777.7777777777776, 1099.9438818457406, 1739.1639824998365, 2459.5492912420727, 1555.5555555555557, 2333.3333333333335, 1099.9438818457406], [1099.9438818457406, 777.7777777777776, 1099.9438818457404, 1739.1639824998363, 777.7777777777776, 1555.5555555555554, 1739.1639824998367], [1739.1639824998365, 1099.9438818457404, 777.7777777777776, 1099.9438818457406, 0, 777.7777777777778, 2459.5492912420727], [2459.5492912420727, 1739.1639824998363, 1099.9438818457406, 777.7777777777776, 777.7777777777778, 0, 3206.859931035958], [3206.859931035959, 2459.549291242073, 1739.1639824998367, 1099.9438818457406, 1555.555555555556, 777.7777777777783, 3965.904066127722], [3965.9040661277218, 3206.859931035958, 2459.5492912420727, 1739.1639824998365, 2333.3333333333335, 1555.5555555555557, 4731.037523565283], [4731.037523565283, 3965.904066127722, 3206.859931035959, 2459.549291242073, 3111.1111111111118, 2333.333333333334, 5499.719409228704], [5499.719409228704, 4731.037523565282, 3965.9040661277218, 3206.859931035958, 3888.888888888889, 3111.1111111111113, 6270.644915343317], [1739.1639824998365, 2199.8877636914813, 2804.317658694214, 3478.327964999673, 2459.5492912420727, 3206.859931035958, 0], [1555.5555555555557, 1739.1639824998367, 2199.8877636914813, 2804.317658694214, 1739.1639824998367, 2459.5492912420727, 777.7777777777776], [1739.1639824998367, 1555.5555555555557, 1739.1639824998365, 2199.8877636914813, 1099.9438818457406, 1739.1639824998365, 1555.5555555555557], [2199.8877636914813, 1739.1639824998365, 1555.5555555555557, 1739.1639824998365, 777.777777777778, 1099.9438818457406, 2333.3333333333335], [2804.317658694214, 2199.8877636914813, 1739.1639824998365, 1555.5555555555557, 1099.9438818457406, 777.777777777778, 3111.1111111111113], [3478.3279649996734, 2804.317658694214, 2199.8877636914813, 1739.1639824998367, 1739.163982499837, 1099.943881845741, 3888.8888888888896], [4188.46151666017, 3478.327964999673, 2804.317658694214, 2199.8877636914813, 2459.5492912420727, 1739.1639824998367, 4666.666666666667], [4919.098582484146, 4188.461516660171, 3478.3279649996734, 2804.317658694214, 3206.859931035959, 2459.549291242073, 5444.444444444445], [5662.307691662626, 4919.0985824841455, 4188.46151666017, 3478.327964999673, 3965.9040661277218, 3206.859931035958, 6222.222222222223], [2459.5492912420727, 2804.317658694214, 3299.831645537222, 3888.888888888889, 2804.317658694214, 3478.327964999673, 777.7777777777776], [2333.3333333333335, 2459.5492912420727, 2804.317658694214, 3299.831645537222, 2199.8877636914813, 2804.317658694214, 1099.9438818457404], [2459.5492912420727, 2333.3333333333335, 2459.5492912420727, 2804.317658694214, 1739.1639824998365, 2199.8877636914813, 1739.1639824998365], [2804.317658694214, 2459.5492912420727, 2333.3333333333335, 2459.5492912420727, 1555.5555555555557, 1739.1639824998365, 2459.5492912420727], [3299.831645537222, 2804.317658694214, 2459.5492912420727, 2333.3333333333335, 1739.1639824998365, 1555.5555555555557, 3206.859931035958], [3888.8888888888896, 3299.8316455372224, 2804.317658694214, 2459.549291242073, 2199.8877636914813, 1739.1639824998367, 3965.904066127722], [4535.1848071019, 3888.888888888889, 3299.831645537222, 2804.317658694214, 2804.317658694214, 2199.8877636914813, 4731.037523565282], [5217.49194749951, 4535.184807101901, 3888.8888888888896, 3299.8316455372224, 3478.3279649996734, 2804.317658694214, 5499.719409228704], [5923.379082338596, 5217.4919474995095, 4535.1848071019, 3888.888888888889, 4188.46151666017, 3478.327964999673, 6270.644915343317], [3206.859931035958, 3478.327964999673, 3888.888888888889, 4399.7755273829625, 3299.831645537222, 3888.888888888889, 1555.5555555555554], [3111.1111111111113, 3206.859931035958, 3478.327964999673, 3888.888888888889, 2804.317658694214, 3299.831645537222, 1739.1639824998363], [3206.859931035958, 3111.1111111111113, 3206.859931035958, 3478.327964999673, 2459.5492912420727, 2804.317658694214, 2199.8877636914813], [3478.327964999673, 3206.859931035958, 3111.1111111111113, 3206.859931035958, 2333.3333333333335, 2459.5492912420727, 2804.317658694214], [3888.888888888889, 3478.327964999673, 3206.859931035958, 3111.1111111111113, 2459.5492912420727, 2333.3333333333335, 3478.327964999673], [4399.7755273829625, 3888.888888888889, 3478.3279649996734, 3206.859931035958, 2804.317658694214, 2459.549291242073, 4188.461516660171], [4980.207740225549, 4399.7755273829625, 3888.888888888889, 3478.327964999673, 3299.831645537222, 2804.317658694214, 4919.0985824841455], [5608.635317388428, 4980.20774022555, 4399.7755273829625, 3888.888888888889, 3888.8888888888896, 3299.8316455372224, 5662.307691662626], [6270.644915343318, 5608.635317388428, 4980.207740225549, 4399.7755273829625, 4535.1848071019, 3888.888888888889, 6413.719862071916], [3965.904066127722, 4188.461516660171, 4535.184807101901, 4980.20774022555, 3888.8888888888896, 4399.7755273829625, 2333.333333333334], [3888.8888888888896, 3965.904066127722, 4188.461516660171, 4535.184807101901, 3478.3279649996734, 3888.8888888888896, 2459.549291242073], [3965.904066127722, 3888.8888888888896, 3965.904066127722, 4188.461516660171, 3206.859931035959, 3478.3279649996734, 2804.317658694214], [4188.461516660171, 3965.904066127722, 3888.8888888888896, 3965.904066127722, 3111.1111111111118, 3206.859931035959, 3299.8316455372224], [4535.184807101901, 4188.461516660171, 3965.904066127722, 3888.8888888888896, 3206.859931035959, 3111.1111111111118, 3888.888888888889], [4980.20774022555, 4535.184807101901, 4188.461516660171, 3965.904066127722, 3478.327964999674, 3206.859931035959, 4535.184807101901], [5499.719409228704, 4980.20774022555, 4535.184807101901, 4188.461516660171, 3888.8888888888896, 3478.3279649996734, 5217.4919474995095], [6074.638636816288, 5499.719409228704, 4980.20774022555, 4535.184807101901, 4399.775527382963, 3888.8888888888896, 5923.379082338596], [6690.697429922045, 6074.6386368162875, 5499.719409228704, 4980.20774022555, 4980.20774022555, 4399.7755273829625, 6645.336246358081], [4731.037523565282, 4919.0985824841455, 5217.4919474995095, 5608.635317388428, 4535.1848071019, 4980.207740225549, 3111.1111111111113], [4666.666666666667, 4731.037523565283, 4919.0985824841455, 5217.4919474995095, 4188.46151666017, 4535.1848071019, 3206.859931035958], [4731.037523565283, 4666.666666666667, 4731.037523565282, 4919.0985824841455, 3965.9040661277218, 4188.46151666017, 3478.327964999673], [4919.0985824841455, 4731.037523565282, 4666.666666666667, 4731.037523565282, 3888.888888888889, 3965.9040661277218, 3888.888888888889], [5217.4919474995095, 4919.0985824841455, 4731.037523565282, 4666.666666666667, 3965.9040661277218, 3888.888888888889, 4399.7755273829625], [5608.635317388428, 5217.4919474995095, 4919.0985824841455, 4731.037523565283, 4188.46151666017, 3965.9040661277218, 4980.20774022555], [6074.6386368162875, 5608.635317388428, 5217.4919474995095, 4919.0985824841455, 4535.1848071019, 4188.46151666017, 5608.635317388428], [6599.663291074445, 6074.6386368162875, 5608.635317388428, 5217.4919474995095, 4980.20774022555, 4535.184807101901, 6270.644915343318], [7170.756800116691, 6599.663291074444, 6074.6386368162875, 5608.635317388428, 5499.719409228704, 4980.207740225549, 6956.655929999346], [5499.719409228704, 5662.307691662626, 5923.379082338596, 6270.644915343318, 5217.49194749951, 5608.635317388428, 3888.8888888888896], [5444.444444444445, 5499.719409228704, 5662.307691662626, 5923.379082338596, 4919.098582484146, 5217.49194749951, 3965.904066127722], [5499.719409228704, 5444.444444444445, 5499.719409228704, 5662.307691662626, 4731.037523565283, 4919.098582484146, 4188.461516660171], [5662.307691662626, 5499.719409228704, 5444.444444444445, 5499.719409228704, 4666.666666666668, 4731.037523565283, 4535.184807101901], [5923.379082338596, 5662.307691662626, 5499.719409228704, 5444.444444444445, 4731.037523565283, 4666.666666666668, 4980.20774022555], [6270.644915343318, 5923.379082338596, 5662.307691662626, 5499.719409228704, 4919.098582484146, 4731.037523565283, 5499.719409228704], [6690.697429922045, 6270.644915343318, 5923.379082338596, 5662.307691662626, 5217.49194749951, 4919.098582484146, 6074.6386368162875], [7170.756800116692, 6690.697429922045, 6270.644915343318, 5923.379082338596, 5608.635317388429, 5217.49194749951, 6690.697429922045], [7699.607172920186, 7170.756800116691, 6690.697429922045, 6270.644915343318, 6074.6386368162875, 5608.635317388428, 7337.54088048847], [6270.644915343317, 6413.719862071916, 6645.336246358081, 6956.655929999346, 5923.379082338596, 6270.644915343318, 4666.666666666667], [6222.222222222223, 6270.644915343317, 6413.719862071916, 6645.336246358081, 5662.307691662626, 5923.379082338596, 4731.037523565282], [6270.644915343317, 6222.222222222223, 6270.644915343317, 6413.719862071916, 5499.719409228704, 5662.307691662626, 4919.0985824841455], [6413.719862071916, 6270.644915343317, 6222.222222222223, 6270.644915343317, 5444.444444444445, 5499.719409228704, 5217.4919474995095], [6645.336246358081, 6413.719862071916, 6270.644915343317, 6222.222222222223, 5499.719409228704, 5444.444444444445, 5608.635317388428], [6956.655929999346, 6645.336246358081, 6413.719862071916, 6270.644915343317, 5662.307691662626, 5499.719409228704, 6074.6386368162875], [7337.54088048847, 6956.655929999346, 6645.336246358081, 6413.719862071916, 5923.379082338596, 5662.307691662626, 6599.663291074444], [7777.777777777778, 7337.54088048847, 6956.655929999346, 6645.336246358081, 6270.644915343318, 5923.379082338596, 7170.756800116691], [8267.891187682506, 7777.777777777778, 7337.54088048847, 6956.655929999346, 6690.697429922045, 6270.644915343318, 7777.777777777778]], "M": 44299565.12906429, "S": 12000}